 Abell 2799   7.44421 -39.69698  19815  56  3.34    17.0
 Abell 2799   7.47003 -40.20829   6406 108  2.44    17.0
 Abell 2799   7.57409 -39.48069  22294  98  2.07    17.4
 Abell 2799   7.60362 -39.75645  20168  42  5.65    16.6
 Abell 2799   7.64389 -39.09188   6854  73  1.88    16.6
 Abell 2799   7.70739 -39.80704  19084  69  2.89    17.4
 Abell 2799   7.73105 -39.69578  46632  64  2.54    17.1
 Abell 2799   7.75689 -39.98546  66574  84  2.66    17.6
 Abell 2799   7.92029 -39.15341  24366  71  1.66    17.0
 Abell 2799   7.92954 -39.43669  22945  61  4.93    17.5
 Abell 2799   8.00604 -39.40884  41444  51  4.09    17.0
 Abell 2799   8.00844 -39.43944  24844 106  2.49    17.4
 Abell 2799   8.00890 -39.36254  32621  48  6.54    17.4
 Abell 2799   8.01757 -38.89106  49238  90  3.11    17.5
 Abell 2799   8.06670 -39.65699  47088  70  2.55    16.9
 Abell 2799   8.25053 -39.22200  40484  66  4.25    17.5
 Abell 2799   8.26799 -39.62152  19561  36  8.06    17.1
 Abell 2799   8.30760 -38.92538  33077  54  5.41    17.4
 Abell 2799   8.36018 -38.94062  32740  72  3.25    17.3
 Abell 2799   8.38882 -39.59723  19066  42  6.62    16.5
 Abell 2799   8.39410 -40.21167  18769  53  4.47    17.0
 Abell 2799   8.39927 -38.89581  29995  68  2.12    17.1
 Abell 2799   8.41627 -40.00655  20348  46  5.08    17.0
 Abell 2799   8.42698 -39.01820  20222  45  6.93    17.1
 Abell 2799   8.44618 -39.85924  33226  59  4.48    16.6
 Abell 2799   8.45112 -38.98852  20270  71  3.70    16.6
 Abell 2799   8.50681 -39.85122  32654  44  7.03    17.1
 Abell 2799   8.54296 -39.61505  18957  40  5.79    17.4
 Abell 2799   8.56757 -39.14138  32898  50  5.13    16.9
 Abell 2799   8.61618 -39.38008  19093  84  3.41    17.5
 Abell 2799   8.65507 -39.82985   3006  97  2.30    17.4
 Abell 2799   8.69232 -39.45536  19046  36  9.04    16.6
 Abell 2799   8.69509 -39.60393  13773 101  1.71    17.6
 Abell 2799   8.70612 -39.35435  19781  54  4.41    17.2
 Abell 2799   8.74970 -39.39457  19241  79  3.28    16.5
 Abell 2799   8.83210 -39.67395  39698  72  3.22    17.6
 Abell 2799   8.88287 -39.44786  20093  57  3.09    17.1
 Abell 2799   8.94248 -39.31241  18925  44  5.81    17.1
 Abell 2799   8.97993 -39.18808  30563 100  2.43    17.5
 Abell 2799   8.98041 -39.80664  19950  36  7.14    16.8
 Abell 2799   8.98057 -39.36896  19176  49  6.34    17.3
 Abell 2799   8.99619 -40.22376  30790  53  3.20    17.0
 Abell 2799   9.00244 -39.22503  18946  61  2.89    17.0
 Abell 2799   9.08312 -39.22847  19021  59  3.16    16.5
 Abell 2799   9.13099 -39.45502  19006  70  4.14    16.9
 Abell 2799   9.28121 -39.57861  30788  72  2.26    17.0
 Abell 2799   9.30168 -39.30565  18917  55  4.85    17.6
 Abell 2799   9.30501 -39.13926  19798  60  3.43    17.5