Abell 0118  12.83753 -26.46263  30411  51  4.18    17.7
Abell 0118  12.97904 -26.29447  15144  88  2.47    17.9
Abell 0118  12.98714 -26.84599  33661  45  7.27    18.4
Abell 0118  13.03775 -26.16412  39391  95  2.40    17.6
Abell 0118  13.06771 -26.94122  29408  53  4.55    17.7
Abell 0118  13.07014 -26.60054  35526  44  5.71    17.8
Abell 0118  13.08755 -26.77071  34213  39  8.38    17.7
Abell 0118  13.09613 -26.64225  17516  41  9.84    15.9
Abell 0118  13.11436 -26.65228  17631 135  2.50    17.6
Abell 0118  13.13477 -26.64615  34134  32  9.48    17.5
Abell 0118  13.13951 -26.70081  51757  47  6.56    18.0
Abell 0118  13.14555 -26.63331  34460  71  4.64    17.0
Abell 0118  13.15298 -26.61229  34883  35  7.56    18.4
Abell 0118  13.16023 -27.04103  10986  42  6.32    17.2
Abell 0118  13.17068 -26.45919  34129  47  7.01    18.4
Abell 0118  13.18107 -27.00499  16092  92  2.81    18.2
Abell 0118  13.18201 -26.76555  46443 122  2.62    18.3
Abell 0118  13.19907 -26.85407  76066 100  2.07    17.6
Abell 0118  13.20879 -26.45919  34905  39  8.27    18.3
Abell 0118  13.20928 -26.54949  33985  64  3.67    18.2
Abell 0118  13.22505 -26.24439  39241  51  4.15    18.4
Abell 0118  13.22761 -26.64643  33504 184  2.44    18.1
Abell 0118  13.24670 -26.68711  33948  31 11.11    18.3
Abell 0118  13.26663 -26.66683  33803  48  7.52    18.4
Abell 0118  13.33158 -26.60552  35102  59  5.27    17.6
Abell 0118  13.35062 -26.63606  34811  36 10.65    17.5
Abell 0118  13.35866 -26.66013  33487  32 10.43    18.1
Abell 0118  13.36052 -26.32604  35232  32  8.09    17.9
Abell 0118  13.37684 -26.64483  34964  59  4.89    18.4
Abell 0118  13.45417 -26.92495  29289  88  2.79    18.2
Abell 0118  13.47987 -26.70705  34238  39  7.52    18.3
Abell 0118  13.48118 -26.85780  32370  87  3.16    18.4
Abell 0118  13.64174 -27.11127  31689  75  3.97    18.1
Abell 0118  13.75852 -26.54823  17362  72  3.42    18.3
Abell 0118  13.76480 -26.70934  35164  41  7.96    18.3
Abell 0118  14.33548 -26.57842  39211  53  5.27    18.3