 Abell 2819   9.32670 -64.04350  27493  91  2.42    17.2
 Abell 2819   9.36405 -63.23334  23667 126  2.19    17.8
 Abell 2819   9.40485 -63.84755  85981  90  1.95    17.7
 Abell 2819   9.57715 -63.79140  61943 102  2.82    17.5
 Abell 2819   9.61314 -64.05783  48666 188  1.91    17.8
 Abell 2819   9.70067 -64.57005  24766  96  2.38    17.8
 Abell 2819   9.76762 -63.35939  25969  44  5.55    17.1
 Abell 2819   9.81361 -63.33533  25664  45  8.90    17.2
 Abell 2819   9.84034 -63.38689  25340  36  6.98    16.6
 Abell 2819   9.93025 -64.13747  22721  81  4.38    17.2
 Abell 2819  10.19871 -63.45565  25809  66  3.22    17.4
 Abell 2819  10.23781 -63.69801  66687 116  2.39    16.3
 Abell 2819  10.29960 -63.77937  22283  46  7.45    17.1
 Abell 2819  10.31945 -63.40923  25851  52  7.29    17.5
 Abell 2819  10.45811 -64.26410  21865 105  2.50    17.8
 Abell 2819  10.63562 -63.80343  22225  44  6.63    17.6
 Abell 2819  10.68810 -63.33418   4087  72  2.46    17.9
 Abell 2819  10.70355 -63.75129  22992  27 10.37    17.1
 Abell 2819  10.73584 -63.78854  53008 129  2.28    17.6
 Abell 2819  10.76150 -63.75817  26070  75  3.09    17.0
 Abell 2819  10.79771 -63.74786  25631  63  5.91    17.4
 Abell 2819  10.87504 -64.35748  26202  45  6.09    17.8
 Abell 2819  10.91879 -63.88766  22291  41  7.32    17.7
 Abell 2819  10.93119 -63.84526  22278  30  9.69    17.5
 Abell 2819  10.93533 -63.51638  26138  36  8.34    17.0
 Abell 2819  10.95770 -64.00340  66485  77  2.40    16.5
 Abell 2819  10.97520 -63.84583  22322  40  9.17    17.9
 Abell 2819  10.99039 -63.43904  25646  62  4.09    17.0
 Abell 2819  10.99287 -63.81203  22063  35 10.47    17.8
 Abell 2819  10.99432 -63.46997  48306  70  3.91    17.7
 Abell 2819  11.02959 -64.62047  11284  74  4.24    17.6
 Abell 2819  11.05042 -63.55305   7276  82  3.21    17.6
 Abell 2819  11.08817 -63.76620  21295  72  4.74    17.4
 Abell 2819  11.09921 -63.69457  26372  63  3.12    17.5
 Abell 2819  11.10204 -63.78739  23166  38  8.45    16.5
 Abell 2819  11.26590 -63.46997  22241  62  3.91    16.1
 Abell 2819  11.33894 -63.55993   9185 116  2.28    16.8
 Abell 2819  11.45637 -63.42585  64748 183  1.98    17.5
 Abell 2819  11.47324 -63.43960  25888 114  2.42    17.6
 Abell 2819  11.52667 -64.00913  26152 138  2.31    17.8
 Abell 2819  11.78017 -63.54217  23021  47  5.38    17.0
 Abell 2819  11.82512 -64.49614  26218  95  2.51    17.7
 Abell 2819  11.99830 -64.45260  26150  46  6.61    17.6
 Abell 2819  12.17561 -64.12486  25952  76  3.35    17.5
 Abell 2819  12.26084 -63.44820  25118 174  2.19    17.8
 Abell 2819  12.28165 -63.47398  31242  71  2.47    17.6
 Abell 2819  12.41869 -63.35595  84561  92  2.58    17.5