 Abell 2911  20.05458 -37.71975  24275  37  8.12    17.1
 Abell 2911  20.07596 -37.76972  24310  48       10 18.2
 Abell 2911  20.09542 -38.23594  23799  43  7.52    18.2
 Abell 2911  20.09758 -37.80891  24063  63       12 18.3
 Abell 2911  20.13050 -37.86478   7301  76  1.84    17.7
 Abell 2911  20.14629 -38.08978  37859  37  8.75    18.4
 Abell 2911  20.15363 -37.63336  23691  64       12 18.3
 Abell 2911  20.15487 -38.11194  24119 106  2.67    18.2
 Abell 2911  20.16683 -37.88731  24209  98  3.67    17.7
 Abell 2911  20.16750 -37.80330   5895 107  2.56    16.9
 Abell 2911  20.17300 -37.49139  39328  42  7.79    17.3
 Abell 2911  20.17867 -38.37922  38437  44  5.51    18.0
 Abell 2911  20.20296 -38.28625  38815  59  4.33    18.4
 Abell 2911  20.22529 -38.55483  52863  45  6.53    18.4
 Abell 2911  20.23404 -38.27903  23431  42  6.13    17.7
 Abell 2911  20.24767 -38.18100  23152  36  9.30    16.9
 Abell 2911  20.26017 -38.24028  23295  67  3.40    17.8
 Abell 2911  20.26108 -38.15973  22926  59  5.40    16.5
 Abell 2911  20.26312 -37.49900  31485  44  6.33    18.0
 Abell 2911  20.26721 -38.21114  22807  75  3.55    17.8
 Abell 2911  20.29875 -38.37711  15442  39  7.62    18.1
 Abell 2911  20.30338 -38.14564  24495  57  4.58    18.2
 Abell 2911  20.34638 -38.05500  12136  84       11 17.9
 Abell 2911  20.34846 -37.48142  23992  73       10 17.7
 Abell 2911  20.34967 -38.36836  20136  26 11.56    17.7
 Abell 2911  20.38500 -37.42175  22009  99  2.30    18.0
 Abell 2911  20.39038 -37.40314  38877  31 10.49    18.3
 Abell 2911  20.41350 -38.56194   5937  60       12 17.7
 Abell 2911  20.42996 -37.82564  22579  30  9.88    18.3
 Abell 2911  20.47258 -37.73511  15429  69        8 18.2
 Abell 2911  20.48096 -37.63325  10545  14       11 18.4
 Abell 2911  20.51550 -37.65650  38621  51  8.88    18.0
 Abell 2911  20.53588 -37.64739  38865  30 11.24    17.9
 Abell 2911  20.53591 -37.64740  38912  53  4.96    17.9
 Abell 2911  20.54287 -37.61474  51714  66  2.50    17.1
 Abell 2911  20.54893 -38.33489  34467  69  2.97    17.1
 Abell 2911  20.56606 -37.66837  38352  56  4.87    18.0
 Abell 2911  20.60104 -38.34669  34443  34  9.93    18.4
 Abell 2911  20.61916 -38.65574  24128  47  6.68    17.7
 Abell 2911  20.62808 -37.65531  38265  73  3.59    18.3
 Abell 2911  20.63375 -37.98309  54394  77  4.41    18.2
 Abell 2911  20.64738 -38.26561  23316  62  4.64    18.4
 Abell 2911  20.65433 -37.76875  33411  92       10 18.4
 Abell 2911  20.65842 -38.13848  40071  62  4.05    17.6
 Abell 2911  20.67494 -37.90843  40056  54  6.82    17.5
 Abell 2911  20.70408 -38.54625  15798 103       10 18.1
 Abell 2911  20.71792 -38.04292  39721  47  5.64    18.3
 Abell 2911  20.73071 -38.43270  23338  51  4.39    18.2
 Abell 2911  20.75281 -38.28384  40661  76  2.66    17.5
 Abell 2911  20.75867 -38.27180  40932 112  2.23    18.4
 Abell 2911  20.76992 -38.33271  24011  29  9.90    17.6
 Abell 2911  20.78288 -38.43057  40347  69  2.04    17.4
 Abell 2911  20.80469 -38.23485   5839  74  4.47    17.1
 Abell 2911  20.80929 -38.12311  25253  37  8.28    18.2
 Abell 2911  20.82900 -37.73769  38069  36  5.78    18.2
 Abell 2911  20.82975 -38.45967   6394  59  4.58    18.0
 Abell 2911  20.83650 -38.19325  23830  26 11.25    18.0
 Abell 2911  20.84204 -38.16558  24516  58  5.62    18.1
 Abell 2911  20.84981 -38.12816   9452  28  8.99    16.8
 Abell 2911  20.90045 -37.55905   9073  42  6.02    16.3
 Abell 2911  20.90879 -38.27067  25718  33  8.78    18.3
 Abell 2911  20.91071 -38.14678  22632  33  9.57    18.1
 Abell 2911  20.92096 -38.32378  24372  46  4.86    18.1
 Abell 2911  20.94329 -38.14456  23119  55  7.01    18.2
 Abell 2911  20.94758 -37.86989  23894  38  6.96    18.3
 Abell 2911  20.95121 -38.22975  23907  38  9.20    18.1
 Abell 2911  20.95871 -38.28411  24492  28 11.36    18.3
 Abell 2911  20.97067 -38.17206  24386  25 12.84    18.1
 Abell 2911  20.97975 -38.20534  24219  35  9.37    17.3
 Abell 2911  20.98575 -38.24511  23618  32  8.96    18.0
 Abell 2911  20.99050 -38.42250  24580  33  9.16    18.1
 Abell 2911  20.99113 -37.65197  20109  31  9.76    18.3
 Abell 2911  21.00400 -37.73575   9737  39  7.30    17.1
 Abell 2911  21.01013 -38.46489  24315  25       12 18.4
 Abell 2911  21.01059 -38.18283  24266  26  9.09    18.2
 Abell 2911  21.04113 -38.15806  24700  33  8.31    17.7
 Abell 2911  21.04959 -38.21961  24236  37  7.86    17.7
 Abell 2911  21.06600 -37.80036  38647  97  3.01    18.3
 Abell 2911  21.09571 -37.94911  38575  34  9.27    18.4
 Abell 2911  21.10988 -38.11211  40190 107       11 18.4
 Abell 2911  21.11498 -37.46571   9494  67  4.62    16.4
 Abell 2911  21.11592 -38.41036   9142  92       12 17.0
 Abell 2911  21.12217 -38.55622  22952  33 10.25    17.9
 Abell 2911  21.13255 -37.75465   9865 130  2.37    17.3
 Abell 2911  21.13338 -37.93394  41225  47  4.95    18.4
 Abell 2911  21.14025 -38.27656  23795  41  7.99    17.5
 Abell 2911  21.14359 -38.08789  38887  29 11.36    17.8
 Abell 2911  21.17044 -38.46552  24643  41  8.06    16.7
 Abell 2911  21.18004 -38.64206  23550  31 11.35    18.2
 Abell 2911  21.18026 -37.81573   9412  93  3.39    16.5
 Abell 2911  21.19180 -37.91033  34494  58  1.99    17.6
 Abell 2911  21.19278 -38.42965  11154  65  2.71    17.6
 Abell 2911  21.19792 -38.39178  24141  62  4.05    18.0
 Abell 2911  21.20754 -38.63442  23489 107        9 18.1
 Abell 2911  21.21372 -38.33242  23935  64  3.48    17.2
 Abell 2911  21.23883 -38.53130  38718  35  9.23    17.9
 Abell 2911  21.25546 -38.54592  26363 111  2.38    17.9
 Abell 2911  21.26804 -38.37230  23935  64       11 17.8
 Abell 2911  21.27250 -37.70011  46734  72  4.05    18.1
 Abell 2911  21.27321 -37.71730   9315  94  3.23    18.0
 Abell 2911  21.29292 -38.47011  40093  86  3.17    18.2
 Abell 2911  21.29425 -37.89175  31373 125  1.78    18.4
 Abell 2911  21.32371 -38.35539  39681  48  5.56    18.1
 Abell 2911  21.33784 -38.39831  48339  37  9.60    18.1
 Abell 2911  21.36646 -37.63456   9735  56  6.17    17.8
 Abell 2911  21.38233 -37.48788  43103  71  2.95    17.9
 Abell 2911  21.40200 -37.85411  20236  24 13.99    17.8
 Abell 2911  21.49634 -38.60533  39781  46  5.88    17.6
 Abell 2911  21.50571 -37.84467  24797  38  6.40    17.8
 Abell 2911  21.53825 -38.49006  24044  68  5.23    18.3
 Abell 2911  21.55033 -38.16553  47596  76  3.78    18.1
 Abell 2911  21.57663 -37.39970  46694  42  4.87    18.4
 Abell 2911  21.60333 -37.93347   5149  55        9 17.5
 Abell 2911  21.61129 -37.43781  47954  86       10 18.3
 Abell 2911  21.61321 -38.23983  38767  30  9.83    18.2
 Abell 2911  21.61854 -37.84930  47743  72       10 18.4
 Abell 2911  21.66871 -38.61619  24255  87  3.91    17.8
 Abell 2911  21.67150 -37.48375  21006  32 10.01    17.5
 Abell 2911  21.67152 -37.48376  35402  85  1.68    17.5
 Abell 2911  21.69321 -38.47659   9300  66       11 18.3
 Abell 2911  21.72608 -38.47864  26699  90  2.80    17.7
 Abell 2911  21.79592 -38.12525  20848  44       11 17.9
 Abell 2911  21.87054 -38.25858  20582  53  4.33    17.4