 Abell 2854  13.63439 -50.44378  22236 104  2.08    16.8
 Abell 2854  13.68092 -50.55671  49397  67  1.96    16.6
 Abell 2854  13.74117 -50.91075  29512  64       10 18.4
 Abell 2854  13.83073 -50.79500  57444  83  2.42    17.5
 Abell 2854  13.85904 -50.40145  20070  85       11 16.9
 Abell 2854  13.89731 -50.87751  39855 109  2.87    16.9
 Abell 2854  13.89823 -50.43621  37548  74  2.02    17.3
 Abell 2854  13.90704 -50.57911  29090  53  3.06    17.7
 Abell 2854  13.94817 -50.85814  40290  94  3.88    18.1
 Abell 2854  13.97434 -51.62522  16123  46  6.08    17.2
 Abell 2854  14.00521 -50.24753  15211  64       12 18.2
 Abell 2854  14.03429 -50.36586  16467  66        8 16.3
 Abell 2854  14.03625 -51.30847  33404  59  4.94    17.7
 Abell 2854  14.07900 -50.82113  40302  87  3.96    17.2
 Abell 2854  14.10479 -50.69569  21155  58       12 17.4
 Abell 2854  14.11584 -50.63027  30336  79  2.91    17.1
 Abell 2854  14.15233 -50.72206  25684  59       11 17.8
 Abell 2854  14.17421 -50.70047   7509  60  3.71    18.3
 Abell 2854  14.20575 -50.72620  56866  76  2.80    17.8
 Abell 2854  14.20733 -51.18764  18623  60  5.30    17.7
 Abell 2854  14.27090 -50.69565  40383  63  4.20    16.9
 Abell 2854  14.27554 -50.25561   6379  92       13 17.8
 Abell 2854  14.33578 -51.05203  26038  91  2.16    17.2
 Abell 2854  14.34096 -50.54497  21103  78  3.89    18.0
 Abell 2854  14.36542 -50.73867  22823  72  3.19    18.3
 Abell 2854  14.37007 -50.68081  18116  94  2.10    16.9
 Abell 2854  14.38363 -50.74905  22293  50  5.47    17.7
 Abell 2854  14.41008 -51.43344  36860 102        8 17.5
 Abell 2854  14.47413 -50.68481  18274  69  4.22    18.2
 Abell 2854  14.48938 -51.08767  18652  84       10 18.3
 Abell 2854  14.50938 -50.63292  18353  55  5.18    18.0
 Abell 2854  14.51858 -51.48450  19008  29       11 18.3
 Abell 2854  14.52604 -50.92592  19259  49       11 18.0
 Abell 2854  14.52896 -50.54978  18798  44       12 18.2
 Abell 2854  14.54275 -51.21000  29269  55        9 18.3
 Abell 2854  14.55738 -50.55046  18543  41  6.82    17.2
 Abell 2854  14.56153 -51.50151  18844  76  2.92    16.4
 Abell 2854  14.56282 -50.46532  18639  47  7.05    17.6
 Abell 2854  14.56657 -50.61051  18847  36  7.71    17.0
 Abell 2854  14.58606 -50.95726   1397  98  2.90    16.7
 Abell 2854  14.61319 -50.71834  18600  39  8.18    17.2
 Abell 2854  14.63308 -50.54336  18633  34  7.90    17.6
 Abell 2854  14.63978 -51.61049  15957  46  5.79    17.2
 Abell 2854  14.64087 -50.80377  18485 118  2.88    15.7
 Abell 2854  14.64642 -50.81797  18907  54  6.04    16.5
 Abell 2854  14.64940 -50.57951  18568  33  9.09    16.1
 Abell 2854  14.65071 -50.88622  17967  68  5.18    17.4
 Abell 2854  14.65239 -50.85831  18299  26 11.66    17.5
 Abell 2854  14.65770 -50.74699  18236  41  7.60    17.1
 Abell 2854  14.66404 -50.82772  18242  64  4.69    18.3
 Abell 2854  14.66688 -51.40886  41528  78  4.40    17.7
 Abell 2854  14.67500 -50.86839  18647  62  4.44    17.9
 Abell 2854  14.67688 -50.28908  21805  48  5.47    17.6
 Abell 2854  14.73414 -51.07598  27577  60  5.53    17.2
 Abell 2854  14.74346 -50.47553  18850  98  2.36    18.0
 Abell 2854  14.76902 -51.31370  18160  75  2.77    17.5
 Abell 2854  14.77508 -50.41239  18378  47       12 18.2
 Abell 2854  14.77832 -51.00642  18288  64  4.65    17.3
 Abell 2854  14.78238 -51.10628  18934  92  3.19    18.4
 Abell 2854  14.80267 -50.98500  27784  64  4.76    17.4
 Abell 2854  14.83696 -50.90975  21110  50  6.50    17.8
 Abell 2854  14.84700 -51.06453  21386  60  6.31    17.7
 Abell 2854  14.85413 -50.78997  41236  97  3.01    18.1
 Abell 2854  14.85771 -51.46983  18261  99  1.92    17.2
 Abell 2854  14.87261 -51.31525  27875  97  3.52    17.1
 Abell 2854  14.91250 -50.89809  17814  54  6.24    16.6
 Abell 2854  14.92547 -50.90913  18346  60  4.87    17.3
 Abell 2854  14.92968 -50.92466  17977  49  5.91    16.8
 Abell 2854  14.97001 -50.54840  18782  77  2.18    16.4
 Abell 2854  14.99848 -51.72176  49514  77  2.90    17.5
 Abell 2854  15.01208 -50.40831  21344  89  3.39    17.7
 Abell 2854  15.04117 -50.90420  31765  45        9 17.1
 Abell 2854  15.05168 -50.37296  18433  97  3.05    17.6
 Abell 2854  15.06312 -51.29919  21200  70  3.57    17.0
 Abell 2854  15.07796 -50.74928  19273  95  2.98    17.9
 Abell 2854  15.08833 -50.67691  30337 123  2.88    17.6
 Abell 2854  15.11650 -51.08536  18088  45  6.50    18.2
 Abell 2854  15.13213 -50.99422  18359  58       13 18.1
 Abell 2854  15.17517 -50.79122  27860  79  2.48    18.0
 Abell 2854  15.18168 -51.67346  85753 119  2.21    17.4
 Abell 2854  15.19053 -51.53051  18644  35  7.23    16.4
 Abell 2854  15.19639 -51.00831  29191  53  4.62    16.8
 Abell 2854  15.22494 -51.39300  23136  66  4.11    17.1
 Abell 2854  15.31696 -50.26008  30213 125  2.61    17.1
 Abell 2854  15.34629 -51.10542  18385  81       10 18.1
 Abell 2854  15.37483 -50.50847   7230  26 13.61    16.7
 Abell 2854  15.38421 -50.42647  30590  79  4.00    18.3
 Abell 2854  15.39863 -51.62774  16390  74  3.12    17.4
 Abell 2854  15.40459 -50.53390  21175  72  4.94    17.6
 Abell 2854  15.41222 -50.37210  30206  75  2.05    17.2
 Abell 2854  15.45725 -50.51550  39362  42  5.78    18.2
 Abell 2854  15.49192 -51.35169  41780  48        8 18.2
 Abell 2854  15.52425 -51.22770  33336  78       10 18.3
 Abell 2854  15.54625 -51.28958  18787  43  6.49    16.4
 Abell 2854  15.55970 -51.43918  18755  43  5.31    17.1
 Abell 2854  15.56850 -51.27336  36166  69       11 17.4
 Abell 2854  15.60125 -51.09894  27980  49  6.63    17.7
 Abell 2854  15.60779 -51.00206  30189  86       10 18.0
 Abell 2854  15.68712 -50.60072  30292  48  6.41    18.2
 Abell 2854  15.70671 -51.13470  36805  45  6.09    18.0
 Abell 2854  15.79612 -50.29167  18394  26 15.23    16.2
 Abell 2854  15.88612 -51.16994  27919  89  3.42    16.4
 Abell 2854  15.89408 -50.98167  36648  65  4.92    18.1
 Abell 2854  15.92196 -51.17625  29141  78  2.93    18.1
 Abell 2854  16.04275 -51.17133  18286  84  3.74    16.6