 Abell 2800   8.08308 -25.78619  19349  38  7.31    18.0
 Abell 2800   8.10038 -25.16042  41219 112       11 18.1
 Abell 2800   8.11813 -26.06894  19035  51       11 17.3
 Abell 2800   8.13412 -25.90292  34528  49  6.24    17.8
 Abell 2800   8.16358 -25.63664  18852  39  8.59    18.0
 Abell 2800   8.17058 -25.09664  31162  42  8.33    18.2
 Abell 2800   8.29163 -26.09153  17099  67       11 17.8
 Abell 2800   8.31225 -26.06711  33161  61  4.62    17.5
 Abell 2800   8.31717 -25.97825  18782  36  8.01    17.7
 Abell 2800   8.37679 -24.98078  18327  81       11 18.1
 Abell 2800   8.40696 -25.97933  18792  44  7.05    16.3
 Abell 2800   8.40792 -25.96564  15556  99       10 17.5
 Abell 2800   8.43071 -25.95425  28193  31 10.28    17.5
 Abell 2800   8.44102 -24.71402   8518 108  1.65    17.4
 Abell 2800   8.48145 -24.81480  14149  66  2.24    17.3
 Abell 2800   8.49673 -25.71584  26724 106  2.13    17.4
 Abell 2800   8.54175 -26.08047  34202  45  4.18    17.8
 Abell 2800   8.54179 -26.05211  18175  75  3.49    16.7
 Abell 2800   8.54304 -24.89661  12280  56       10 17.9
 Abell 2800   8.59466 -25.72231  18347  24 11.15    17.3
 Abell 2800   8.62166 -24.88023  18976  38  8.37    16.4
 Abell 2800   8.67271 -25.81125  18867  36  9.50    16.6
 Abell 2800   8.69968 -24.77515  26750  63  4.32    17.3
 Abell 2800   8.70967 -25.84772  18903  37  9.37    17.9
 Abell 2800   8.72819 -25.44465  18706  57  3.81    17.0
 Abell 2800   8.76543 -25.68604  18859  35  7.87    16.7
 Abell 2800   8.77308 -25.48561  19384  47  6.74    18.2
 Abell 2800   8.77713 -25.63293  18548  97  2.69    16.1
 Abell 2800   8.78804 -25.51117  31812  75  4.32    18.2
 Abell 2800   8.78838 -25.23067  18790  53  6.41    17.7
 Abell 2800   8.78921 -25.64380  18725  45       11 18.2
 Abell 2800   8.82183 -25.53608  18811  49  6.97    18.2
 Abell 2800   8.82974 -25.27391  19662  81  3.06    16.8
 Abell 2800   8.84509 -25.41200  18808  35  8.39    16.5
 Abell 2800   8.85294 -25.16981  19978  53  4.92    17.5
 Abell 2800   8.86413 -24.82242  32394  89        9 18.1
 Abell 2800   8.88135 -25.35728  18946  28 11.82    16.8
 Abell 2800   8.88139 -25.10374  19053  47  6.67    17.3
 Abell 2800   8.90345 -25.52051  18607  37  7.89    16.6
 Abell 2800   8.91016 -25.34244  19930  54  5.90    15.8
 Abell 2800   8.91099 -25.46391  19151  46  6.03    16.9
 Abell 2800   8.92204 -25.61689  18948  37  8.81    16.8
 Abell 2800   8.92288 -25.50573  18715  29 10.13    17.3
 Abell 2800   8.95354 -25.16981  33544  70  5.02    18.0
 Abell 2800   8.95641 -25.85833  19106  64  3.90    17.3
 Abell 2800   8.97572 -24.70646  26239  48  6.95    16.9
 Abell 2800   8.99408 -25.76344  18882  81  5.58    18.2
 Abell 2800   8.99796 -25.90422  18937  37  8.36    18.1
 Abell 2800   8.99808 -25.27289  19582  47  6.31    17.8
 Abell 2800   9.01488 -25.27667  18598 122        9 18.0
 Abell 2800   9.02279 -25.19038  19152  36  7.87    16.7
 Abell 2800   9.03167 -25.62456  82834  70  2.59    17.4
 Abell 2800   9.03298 -25.52848  49132  69  2.13    17.5
 Abell 2800   9.03367 -25.48383  19035  51       11 18.1
 Abell 2800   9.03679 -25.46317  33781  44  7.68    17.9
 Abell 2800   9.03950 -26.15644  19307  34       13 18.3
 Abell 2800   9.04567 -25.60708  18994  57  7.01    17.8
 Abell 2800   9.05633 -25.83067  19056  42  8.82    16.1
 Abell 2800   9.07358 -24.84483  25679  88  3.33    18.1
 Abell 2800   9.09668 -25.33556  37404  74  2.75    16.7
 Abell 2800   9.11571 -25.82761  19502  45  6.59    17.3
 Abell 2800   9.11573 -25.82762  19468  28  9.42    17.3
 Abell 2800   9.12913 -24.62596  21535  83  4.61    16.9
 Abell 2800   9.13734 -24.64962  21218  41  6.94    17.0
 Abell 2800   9.14375 -25.55219  18945  44  7.36    17.7
 Abell 2800   9.17321 -26.06269  36614 100       10 17.9
 Abell 2800   9.17408 -24.91386  26014  52  6.27    17.5
 Abell 2800   9.17921 -24.68491  94168  93  1.75    17.2
 Abell 2800   9.18133 -26.15414  30139  57       11 17.8
 Abell 2800   9.18829 -26.07570  33724  71  4.37    17.8
 Abell 2800   9.18950 -25.20264  18691  39  9.98    17.8
 Abell 2800   9.19588 -25.15989  15719  77        9 18.1
 Abell 2800   9.20967 -25.71383  18664 115       11 18.0
 Abell 2800   9.21729 -25.95189  34204  49       12 18.2
 Abell 2800   9.22300 -24.93445  18653  38  7.57    18.2
 Abell 2800   9.23725 -25.94914  22266  59  6.80    17.8
 Abell 2800   9.25150 -25.11858  21633  47  5.60    17.2
 Abell 2800   9.25437 -25.98244  22173  48  7.33    18.1
 Abell 2800   9.25988 -24.84545  31426  75  4.94    18.0
 Abell 2800   9.26650 -25.98047  37170  92       11 18.1
 Abell 2800   9.26846 -25.88680  22617  59  4.82    17.9
 Abell 2800   9.29692 -24.93214  31522  66  4.45    18.1
 Abell 2800   9.30450 -25.92017  16126 105  2.29    17.6
 Abell 2800   9.31766 -24.97145  60375  94  1.90    16.6
 Abell 2800   9.32983 -24.82814  21264  76  2.64    18.1
 Abell 2800   9.33400 -24.87628  21258  71  2.57    16.6
 Abell 2800   9.35000 -24.80747  21398  69  5.12    18.0
 Abell 2800   9.36250 -25.12397  31442  57  6.33    18.0
 Abell 2800   9.38442 -25.13939  18788  40  8.41    16.6
 Abell 2800   9.39058 -25.19989  30196  87       10 18.3
 Abell 2800   9.39086 -24.74387  15747  56  4.72    17.2
 Abell 2800   9.40212 -24.98423  17816 115  2.22    16.8
 Abell 2800   9.40933 -25.42289   7647  24 12.46    16.3
 Abell 2800   9.42336 -24.94269  46079  63  2.10    17.5
 Abell 2800   9.43617 -25.62416  29149  74  1.97    17.3
 Abell 2800   9.44471 -25.58917  39345 104  1.88    18.2
 Abell 2800   9.44567 -25.60469  16209  33  9.12    18.0
 Abell 2800   9.44974 -24.99500  20693  88  3.47    16.7
 Abell 2800   9.46021 -25.89997  19602 199  1.88    18.2
 Abell 2800   9.47009 -24.94372  33419  47  7.34    16.5
 Abell 2800   9.47813 -25.28908  27732  78  3.55    17.9
 Abell 2800   9.47925 -24.99097  33511  67  4.31    18.1
 Abell 2800   9.48380 -24.67706   6880 103  1.89    17.4
 Abell 2800   9.48704 -26.10017   3057 119        9 17.4
 Abell 2800   9.50525 -25.00480  35001 119  2.27    18.2
 Abell 2800   9.54517 -24.80358  11720  98       10 17.9
 Abell 2800   9.54800 -25.23828  27856 139  1.79    18.0
 Abell 2800   9.56488 -24.94446  33783  58  4.74    16.6
 Abell 2800   9.57132 -24.86511  37024  59  6.56    17.3
 Abell 2800   9.57704 -25.34833  33947  56  4.79    18.2
 Abell 2800   9.58775 -25.78103  19009  36  9.47    17.2
 Abell 2800   9.59414 -25.81708  19433  37  6.28    17.1
 Abell 2800   9.59842 -25.38542  19171  39  7.18    17.5
 Abell 2800   9.60052 -24.82449  31644  80  2.17    17.5
 Abell 2800   9.62342 -25.33247  19884 107  2.86    18.1
 Abell 2800   9.62943 -25.99286  18631  56  4.11    17.4
 Abell 2800   9.64763 -25.66250  25504  78       11 18.0
 Abell 2800   9.66663 -25.09125  33043  57  4.89    17.8
 Abell 2800   9.74461 -25.71773  26046  54  5.74    17.0