 Abell 3921 339.25296 -64.72417  24428  38  7.28    17.8
 Abell 3921 339.28314 -64.54483  28414  72       10 18.4
 Abell 3921 339.32040 -64.96310  25966  51  4.36    18.4
 Abell 3921 339.38364 -64.54256  28287  38  7.49    17.5
 Abell 3921 339.48877 -64.46061  27850  46  4.39    18.2
 Abell 3921 339.57138 -64.39644  36501  41  9.90    17.9
 Abell 3921 339.65140 -64.64683  27480  34  7.17    18.1
 Abell 3921 339.65601 -64.71100  27582  49  6.07    18.3
 Abell 3921 339.68704 -64.73391  27245  67  3.75    18.4
 Abell 3921 339.72083 -64.69839  27568  45  6.81    18.4
 Abell 3921 339.72092 -64.61475  27201  88  4.46    18.3
 Abell 3921 339.84503 -64.26064  16026  71  4.50    18.4
 Abell 3921 339.90033 -64.68980  25576  86       11 18.4
 Abell 3921 340.02124 -64.78492  27764  38  8.15    18.1
 Abell 3921 340.06665 -64.84908  36759  70  4.04    18.4
 Abell 3921 340.20352 -64.91325  39931  78  4.29    17.9
 Abell 3921 340.27060 -65.02786   3138  59       10 17.8
 Abell 3921 340.28442 -64.59126  27535  35  8.66    18.2
 Abell 3921 340.41376 -64.76028  25912  86  2.96    18.0
 Abell 3921 340.48712 -64.84050  28512  43  6.86    17.8
 Abell 3921 340.62683 -64.49672  46386  86        6 18.4
 Abell 3921 340.65662 -64.43941  28926  32  8.64    16.5
 Abell 3921 340.66171 -64.77231  28563  46  5.60    17.7
 Abell 3921 340.77951 -64.88975  27085  26 11.98    18.1
 Abell 3921 340.78058 -64.56603  16086  78  3.86    17.2
 Abell 3921 340.78131 -63.80056  28512  49       11 18.3
 Abell 3921 340.88031 -63.79256  27988  73  4.96    18.2
 Abell 3921 340.89850 -64.38097  28206  42  9.25    18.4
 Abell 3921 340.91467 -64.13633  27328  43  5.40    18.2
 Abell 3921 340.92383 -64.65714  40198 114  2.55    18.3
 Abell 3921 340.96548 -63.79483  28005  69       12 18.1
 Abell 3921 341.01767 -63.94036  28129  40  7.93    17.4
 Abell 3921 341.05350 -63.98392  27896  44  6.86    17.6
 Abell 3921 341.08475 -64.15408  49939  49  5.69    18.0
 Abell 3921 341.09732 -64.55114  27311  42  7.29    18.3
 Abell 3921 341.10172 -64.58953  23868  39       12 17.7
 Abell 3921 341.14175 -64.83878  28155  37  9.36    17.9
 Abell 3921 341.15796 -64.47894  28484  63  6.56    18.2
 Abell 3921 341.18500 -64.43197  27362  74       10 17.9
 Abell 3921 341.18900 -64.72875   6579 145        8 18.3
 Abell 3921 341.20624 -64.27901  28128  61  4.13    17.9
 Abell 3921 341.21518 -64.84451  28274  36  8.44    17.9
 Abell 3921 341.34158 -64.58781  27091  71  3.76    17.9
 Abell 3921 341.34653 -63.79139  28971  68       12 18.4
 Abell 3921 341.35114 -65.00894  26051  33 10.30    16.6
 Abell 3921 341.35455 -64.61989  27884  28 11.16    18.1
 Abell 3921 341.37598 -64.77517  45883  46  5.32    18.0
 Abell 3921 341.38010 -64.65142  28977  62  5.38    17.1
 Abell 3921 341.38757 -64.49958  26596  73  3.46    18.2
 Abell 3921 341.41016 -64.23944  27944  40  6.83    17.8
 Abell 3921 341.44696 -64.60844  27897  31 12.43    16.2
 Abell 3921 341.44803 -64.56947  40538  61  3.51    18.1
 Abell 3921 341.45221 -64.12886  25957  62        9 17.3
 Abell 3921 341.53079 -64.84967  28042  38  7.41    18.4
 Abell 3921 341.53696 -64.61875  27616  27 10.50    18.1
 Abell 3921 341.55399 -64.66975   2826  86       11 17.6
 Abell 3921 341.57898 -64.70986  27855  37 10.48    17.7
 Abell 3921 341.67017 -64.69495  28102  37 10.53    16.1
 Abell 3921 341.70013 -64.24747  28802 140  2.45    18.4
 Abell 3921 341.71613 -64.49672  22059 112  2.95    18.0
 Abell 3921 341.72079 -64.59470  29307  35  7.87    18.1
 Abell 3921 341.74854 -64.63995  27722  43  7.67    18.3
 Abell 3921 341.75928 -64.76028  28376  39  9.54    18.1
 Abell 3921 341.78177 -64.66802  27343  39  7.57    18.2
 Abell 3921 341.78720 -64.01772  12253  89  2.69    17.1
 Abell 3921 341.78946 -64.73792  25278  98       10 18.4
 Abell 3921 341.79025 -64.83592  28736  52  5.54    17.6
 Abell 3921 341.82230 -64.56892  28135  51  5.52    18.0
 Abell 3921 341.83160 -64.54597  28211  30 11.75    18.4
 Abell 3921 341.84012 -64.60500  27975 142  2.33    17.2
 Abell 3921 341.93167 -64.85480  27990  82  3.91    17.5
 Abell 3921 341.96838 -64.86856  16181  44  7.01    16.8
 Abell 3921 342.02509 -64.65428  28797  28  9.59    18.2
 Abell 3921 342.08282 -64.64397  27585  41  6.11    18.1
 Abell 3921 342.09689 -65.12811  21235  82  3.37    17.8
 Abell 3921 342.14075 -64.41592  27832  73  2.28    17.9
 Abell 3921 342.21329 -64.29275  28917  71  3.58    18.1
 Abell 3921 342.25110 -64.99919  26202  38  6.90    18.4
 Abell 3921 342.25381 -64.67777  26287  45  6.68    18.2
 Abell 3921 342.27249 -64.23544  40683  40  8.47    17.5
 Abell 3921 342.30331 -64.60442  26811  42  7.49    18.4
 Abell 3921 342.34335 -64.56375  21456  70        9 17.9