 Abell 2871  15.84849 -37.50083  39663  88  2.85    18.6
 Abell 2871  15.86287 -36.73307  36136  35  7.67    18.5
 Abell 2871  15.87260 -37.42652  17096  27 11.76    18.0
 Abell 2871  15.90056 -36.61429  68610  49        3 18.5
 Abell 2871  15.91547 -37.16084  11032  30        3 17.6
 Abell 2871  15.93367 -37.24798  16252  99        4 18.7
 Abell 2871  15.94410 -36.59281  36071  69  3.57    17.8
 Abell 2871  15.97150 -37.01164  36727  63  5.22    18.4
 Abell 2871  15.97257 -36.73255  37717  49  5.66    18.1
 Abell 2871  15.98197 -36.62271  36459  32  8.34    17.2
 Abell 2871  15.99669 -36.81403  34745  29  9.63    18.2
 Abell 2871  16.00077 -36.78647  34937  18        2 18.9
 Abell 2871  16.04544 -36.65704  36563  36  7.56    18.3
 Abell 2871  16.06311 -36.68660  23705  48  5.30    17.6
 Abell 2871  16.07842 -36.73668  33077  38  7.21    18.0
 Abell 2871  16.10928 -36.75404  34094  97  2.74    18.8
 Abell 2871  16.13054 -36.80618  38468  48  6.64    18.1
 Abell 2871  16.17848 -36.82021  36293  91        3 18.4
 Abell 2871  16.20328 -36.90725  33865  39  6.40    18.7
 Abell 2871  16.21150 -36.71559  36278  89  4.03    18.8
 Abell 2871  16.22017 -36.83110  34035   7        2 18.7
 Abell 2871  16.23985 -37.03679   4105  94  3.72    16.7
 Abell 2871  16.24368 -36.93578  14547  29 10.29    15.7
 Abell 2871  16.25268 -37.43603  36361  25        3 18.7
 Abell 2871  16.27030 -37.27669  13936 136  1.71    18.1
 Abell 2871  16.27053 -37.38687  36566  68  3.37    18.9
 Abell 2871  16.29683 -37.22965  34663  37  8.82    18.4
 Abell 2871  16.30882 -37.06240  36290  50  5.31    18.6
 Abell 2871  16.30925 -36.55465  31009  99  3.10    18.1
 Abell 2871  16.31773 -36.88759  36279  45  6.79    18.4
 Abell 2871  16.32419 -37.50690   5162  87  2.20    18.4
 Abell 2871  16.32999 -36.98391  36020  50        3 18.0
 Abell 2871  16.35062 -36.81626  38435  61  3.17    18.3
 Abell 2871  16.37494 -37.31794  36372  71  3.74    18.4
 Abell 2871  16.37936 -36.99021  37048 120        2 16.8
 Abell 2871  16.38610 -37.24392  58827  53  4.47    18.7
 Abell 2871  16.38804 -37.34567  34429  67  3.97    18.4
 Abell 2871  16.38919 -36.96678  37355  14        2 18.7
 Abell 2871  16.39425 -37.22220  34242  58  5.84    18.4
 Abell 2871  16.39878 -36.67978  36948  54  5.73    18.8
 Abell 2871  16.41435 -36.63801  28434  59  4.16    17.1
 Abell 2871  16.41856 -37.19762  39031  47  5.82    18.7
 Abell 2871  16.42137 -37.00006  60185  92  2.02    17.7
 Abell 2871  16.42421 -37.03439  36453  38  6.35    18.9
 Abell 2871  16.43998 -37.21269  38466  57  5.67    18.6
 Abell 2871  16.44087 -37.14239  38047  50  5.36    18.6
 Abell 2871  16.44658 -37.05558  34335  45  6.99    18.4
 Abell 2871  16.45020 -37.42577  55076  82  2.47    18.4
 Abell 2871  16.45506 -36.77707  50114  69  2.02    18.0
 Abell 2871  16.45549 -37.01319  34244  59  3.69    18.6
Abell 2871  16.46972 -36.99279  36784  44  5.72    18.6
 Abell 2871  16.47866 -37.05960  34287  48  5.76    17.5
 Abell 2871  16.47938 -37.02378  33974  71        3 18.8
 Abell 2871  16.48697 -36.91509  37134  37  8.55    18.4
 Abell 2871  16.50245 -36.55516   6608  57  4.05    16.3
 Abell 2871  16.50709 -37.49338  31842  71  2.76    18.4
 Abell 2871  16.51117 -37.31714  66930  73  2.54    18.6
 Abell 2871  16.51154 -37.01342  33773  64  4.21    18.6
 Abell 2871  16.51642 -36.99348  34348  39  7.20    18.0
 Abell 2871  16.52486 -37.44136  36894  77  3.23    18.9
 Abell 2871  16.52782 -37.25245  36518  54  3.72    18.9
 Abell 2871  16.56514 -37.46749  38774  73  3.71    18.1
 Abell 2871  16.56704 -37.36796  42283  90  3.56    18.8
 Abell 2871  16.63352 -36.54881   5591  59  3.16    18.9
 Abell 2871  16.64560 -36.59120  17557  58  4.65    16.9
 Abell 2871  16.64720 -37.02430  27931  51  4.59    18.5
 Abell 2871  16.65367 -36.93440  34088  36  7.89    18.4
 Abell 2871  16.66237 -37.21240  28537  69  3.35    18.3
 Abell 2871  16.67913 -37.45196  14315  64  2.28    17.5
 Abell 2871  16.67918 -37.10916  38626  58  4.10    18.8
 Abell 2871  16.68033 -36.81798  38468  83  2.67    18.0
 Abell 2871  16.69266 -37.25956  28465  39  6.03    18.1
 Abell 2871  16.70911 -37.27245  33978  38  8.45    17.4
 Abell 2871  16.71232 -37.17310  34131  58  4.51    17.6
 Abell 2871  16.72931 -36.79792  15986  33  8.45    18.5
 Abell 2871  16.73808 -36.85321  16057  87        4 18.1
 Abell 2871  16.74205 -37.16428  33961  56  4.92    18.8
 Abell 2871  16.74668 -37.02121   5294  77  2.04    18.9
 Abell 2871  16.74861 -36.70110   6718  24 11.79    18.8
 Abell 2871  16.75641 -36.91882  42799  66  2.81    17.9
 Abell 2871  16.75818 -36.53688   7980  84  2.58    17.6
 Abell 2871  16.76548 -37.11706  36445  54  5.56    18.9
 Abell 2871  16.81500 -36.79970   9328  66  2.40    17.5
 Abell 2871  16.82529 -37.00201  41858  71  4.03    18.9
 Abell 2871  16.83683 -36.95663  33920  43  6.59    18.0
 Abell 2871  16.84570 -37.01089  42443  72  3.62    18.9
 Abell 2871  16.84852 -37.33026  13854 124  1.98    18.6
 Abell 2871  16.85011 -36.99170  36279  31  8.84    18.1
 Abell 2871  16.85764 -36.70299   6081 133        2 18.3
 Abell 2871  16.86023 -36.96460  34139  28 10.84    18.1
 Abell 2871  16.86535 -36.73530  38189  48  5.08    18.6
 Abell 2871  16.88845 -36.56926  45486  80  3.52    18.9
 Abell 2871  16.89915 -36.93349  45506  64  3.21    18.7
 Abell 2871  16.92277 -37.35650  33484  37  8.46    18.8
 Abell 2871  16.93589 -36.52537  37605  64  4.66    18.5
 Abell 2871  16.94493 -37.32952  42003  57  5.24    17.4
 Abell 2871  16.95367 -36.64981  22626  46  5.15    17.5
 Abell 2871  16.96113 -37.45895  14392  47        4 18.1
 Abell 2871  16.96302 -36.67302  22740  31        3 18.8
 Abell 2871  16.99311 -36.78928  33805  94        2 18.2
 Abell 2871  17.00198 -36.54055  22467 120        3 18.9
 Abell 2871  17.04996 -36.65411  34104  28  9.51    18.5
 Abell 2871  17.06583 -36.93538  37519  72  3.01    18.5
 Abell 2871  17.08088 -37.45666  22721  37  7.24    18.5