 Abell 3864 333.14209 -53.35130  15006  97  3.23    16.9
 Abell 3864 333.17172 -52.98881  16394  57  5.45    17.9
 Abell 3864 333.20624 -52.73853  30464  40  6.41    17.9
 Abell 3864 333.20901 -52.98564  23427  32 12.18    17.4
 Abell 3864 333.21484 -52.75886  16152  96  2.61    17.9
 Abell 3864 333.25815 -52.92308  31924  24 14.86    17.1
 Abell 3864 333.27939 -53.38316  23042  47  7.92    17.7
 Abell 3864 333.28827 -52.93505  32220  53  5.24    17.9
 Abell 3864 333.33878 -52.75622  14967  53  5.51    17.3
 Abell 3864 333.36899 -52.73050  15242  28 10.98    17.5
 Abell 3864 333.37698 -52.27031  22314 116       10 17.2
 Abell 3864 333.38440 -52.63603  16235  73  3.89    18.2
 Abell 3864 333.38852 -53.10905  32098  30 10.74    17.2
 Abell 3864 333.39383 -52.03528   4357  67       12 17.9
 Abell 3864 333.42862 -52.36305  16417  30 10.52    17.3
 Abell 3864 333.43045 -53.33028  32609  76  3.34    17.8
 Abell 3864 333.46466 -52.75555  15707  42  7.55    17.6
 Abell 3864 333.47006 -52.82458  16234  54  5.77    17.8
 Abell 3864 333.47437 -52.79869  23229  96  2.88    18.1
 Abell 3864 333.48697 -53.36666  16605  41       11 17.7
 Abell 3864 333.50143 -52.28119  23391  55  5.28    17.6
 Abell 3864 333.55240 -52.33316  23497  23 13.62    18.1
 Abell 3864 333.56448 -53.24105  16736  98  2.55    18.0
 Abell 3864 333.58517 -52.14614  23236  29  9.73    16.8
 Abell 3864 333.58600 -52.16172  23374  27 14.21    16.5
 Abell 3864 333.60492 -52.97786  15925  41  6.87    18.0
 Abell 3864 333.61676 -53.34408  16498  62  2.60    18.2
 Abell 3864 333.65479 -53.05869  15896  35  8.17    18.2
 Abell 3864 333.65530 -53.15742  33609  96  2.07    18.2
 Abell 3864 333.67459 -52.19111   8222  76        9 17.5
 Abell 3864 333.70139 -52.01075  24489  36  9.19    16.7
 Abell 3864 333.71484 -52.70478  15970  59  4.88    18.1
 Abell 3864 333.72726 -53.02708  16135  58  5.55    17.9
 Abell 3864 333.73343 -53.19408  16134  76       10 18.1
 Abell 3864 333.74622 -52.17989  10244  75       11 17.6
 Abell 3864 333.85919 -52.83908  29500  58  4.58    17.5
 Abell 3864 333.98236 -52.69075  30760  34  9.16    17.5
 Abell 3864 333.98505 -52.66003  30233  41  8.68    18.1
 Abell 3864 334.00510 -52.63030  30253  31 11.01    17.6
 Abell 3864 334.02182 -51.97364  24718  73       11 18.2
 Abell 3864 334.03195 -53.32328  14734  29 10.03    17.0
 Abell 3864 334.04758 -53.27614  30444  53  5.64    17.9
 Abell 3864 334.07367 -52.62789  24756  36  7.26    17.6
 Abell 3864 334.09476 -53.20342  16345  33 13.24    16.5
 Abell 3864 334.12442 -52.60675  30752  30 10.61    17.7
 Abell 3864 334.13898 -52.65242  30830  24 12.69    17.9
 Abell 3864 334.22208 -52.96347  31362  29 11.27    17.5
 Abell 3864 334.23529 -52.89828  31623  39  8.48    18.1
 Abell 3864 334.23776 -52.71453  30629 114  4.49    16.3
 Abell 3864 334.24680 -52.80408  30314  38  8.69    17.8
 Abell 3864 334.25018 -52.20275  26161  95  3.02    18.2
 Abell 3864 334.29401 -52.84497  31800  48  6.60    18.1
 Abell 3864 334.31775 -52.79708  28642  27 11.59    17.7
 Abell 3864 334.33807 -52.82000  30349  27 12.27    18.2
 Abell 3864 334.33844 -52.07125  11060 105        9 18.1
 Abell 3864 334.34375 -52.68678  23398  24 13.94    17.0
 Abell 3864 334.35287 -52.49022  31901  46  5.42    17.7
 Abell 3864 334.36285 -53.10878  21229  20 17.25    17.8
 Abell 3864 334.37006 -52.90939  30570  46  7.81    17.7
 Abell 3864 334.37933 -52.77356  30631  33 11.96    18.2
 Abell 3864 334.40329 -53.29447  30759 108  3.30    17.6
 Abell 3864 334.41919 -52.81456  22649  29 11.24    17.4
 Abell 3864 334.43506 -53.36111  11961  63       12 17.4
 Abell 3864 334.47452 -52.83266  22492  32 11.19    16.6
 Abell 3864 334.50119 -52.83331  23153  33  9.33    17.9
 Abell 3864 334.52072 -52.84425  29259  44  5.95    18.0
 Abell 3864 334.52173 -52.47589  23987  32  8.52    18.0
 Abell 3864 334.53253 -52.99744  23684  75        9 18.0
 Abell 3864 334.55862 -53.23272  15063  90  4.56    17.6
 Abell 3864 334.56949 -52.17736  20776  41  6.96    17.2
 Abell 3864 334.57007 -52.57008  14659  34       11 17.5
 Abell 3864 334.57996 -52.81892  29772  70  4.83    17.6
 Abell 3864 334.61108 -53.31653  33621  38  7.18    17.6
 Abell 3864 334.68997 -52.84614  30248  27 13.35    18.0
 Abell 3864 334.74979 -52.76786  10842  50  6.50    16.9
 Abell 3864 334.79172 -52.90347  16020 210  1.11    17.9
 Abell 3864 334.79495 -52.55908  10780  44  6.85    17.7
 Abell 3864 334.81348 -53.32467  48583  72       12 18.1
 Abell 3864 334.85037 -52.04761  28120  55  4.75    17.2
 Abell 3864 334.97125 -52.06508  34256  53  5.41    18.1
 Abell 3864 334.98904 -52.40197  31069  97  3.19    18.1
 Abell 3864 335.06885 -52.52511  30504  23 14.12    17.7
 Abell 3864 335.10025 -52.44958  23711  55       12 18.1
 Abell 3864 335.11169 -52.71584  40698  36  7.94    18.1
 Abell 3864 335.15320 -53.08997  15662  65  4.49    17.3
 Abell 3864 335.18927 -53.27969  33244  73  3.33    17.4
 Abell 3864 335.19196 -52.07975  30510  28 10.18    17.4
 Abell 3864 335.21426 -52.72536  15815  33  9.44    16.9