 Abell 4067 358.10613 -61.11512  19098  71  1.89    18.4
Abell 4067 358.17876 -60.84296  39046  63  2.62    18.1
 Abell 4067 358.30478 -60.85213  47432  91  4.18    18.3
 Abell 4067 358.37066 -61.03146    153  61  3.98    18.3
 Abell 4067 358.52203 -61.39873  16106  93        3 18.0
 Abell 4067 358.62263 -60.64071  49770 114  2.17    18.3
 Abell 4067 358.68510 -60.95583  13697 115  1.81    18.5
 Abell 4067 358.68869 -60.63899  16378 120  3.49    17.8
 Abell 4067 358.71370 -60.88765  20073  41  6.52    17.0
 Abell 4067 358.73047 -60.49861  27424 136  2.23    18.3
 Abell 4067 358.75092 -60.73352    349  99  2.04    18.4
 Abell 4067 358.77641 -60.52211  46116  80  3.14    18.4
 Abell 4067 358.89868 -60.55247  29589  57  4.48    18.5
 Abell 4067 358.91722 -61.09277  29053  81  2.47    18.3
 Abell 4067 358.91756 -60.81489  30073  49  6.01    17.9
 Abell 4067 358.97797 -60.62581  27897  54  4.67    18.0
 Abell 4067 359.00707 -60.94094  30338  50  4.89    18.3
 Abell 4067 359.03705 -60.79082  30243  49  6.69    18.1
 Abell 4067 359.03860 -60.44991  30155  75  2.39    18.3
 Abell 4067 359.06594 -60.70946   3839  80  2.76    18.3
 Abell 4067 359.07003 -60.91114  31004  35  8.54    17.1
 Abell 4067 359.08334 -60.87447  31192 109  2.11    18.2
 Abell 4067 359.09339 -60.89338  29352  37  9.32    18.3
 Abell 4067 359.09543 -61.05209  29592  31  9.33    17.1
 Abell 4067 359.10027 -60.97875  31744  26 11.36    18.3
 Abell 4067 359.11636 -61.00568  29479  29 11.32    16.9
 Abell 4067 359.12596 -60.96959  49436  77  2.18    18.4
 Abell 4067 359.12748 -60.45164  29422  47  5.85    18.5
 Abell 4067 359.14424 -61.02860  28837  95  2.83    18.4
 Abell 4067 359.14979 -61.22913  28172  42  7.40    18.4
 Abell 4067 359.18939 -60.76447  66226  65  1.59    18.4
 Abell 4067 359.19454 -61.05782  30169  29 10.36    18.2
 Abell 4067 359.26402 -61.08991  28947  30  7.95    18.2
 Abell 4067 359.28656 -60.42814  29768  54  5.58    18.4
 Abell 4067 359.30387 -60.74269  20026  46  5.66    16.3
 Abell 4067 359.30390 -60.53471  29472  57  5.24    18.1
 Abell 4067 359.32712 -60.56851  29488  42  8.50    17.5
 Abell 4067 359.33639 -61.34602  47802  90  1.56    17.4
 Abell 4067 359.37398 -60.96787  40454  82  2.32    18.4
 Abell 4067 359.40111 -60.69341  54334  56  4.87    18.5
 Abell 4067 359.43227 -61.17298  29404  39  7.21    17.6
 Abell 4067 359.47700 -60.95755   7330 105  2.53    18.1
 Abell 4067 359.48107 -60.59773  39956 172  2.61    18.4
 Abell 4067 359.52921 -61.20107  14009 119  2.67    18.3
 Abell 4067 359.79183 -60.60518  60723  77  2.50    17.5
 Abell 4067 359.79904 -60.56508  49302  58  2.05    18.2
 Abell 4067 359.80403 -60.62638  38375  96  2.04    18.5
 Abell 4067 359.81363 -60.45736  63404  73  2.15    18.2
 Abell 4067 359.93569 -61.01485  34304 101  2.69    17.7