Abell  487  64.62542 -23.89172  45961  52  5.71    18.6
Abell  487  64.66338 -24.13217  44540  51  4.37    18.8
Abell  487  64.69563 -24.12711  46110 145        2 18.7
Abell  487  64.71875 -23.86025  12581  24 13.47    16.2
Abell  487  64.74380 -23.97525  17646  50  5.60    18.3
Abell  487  64.74617 -24.47550  34170 163        3 17.9
Abell  487  64.79070 -24.21586  33795 122  2.86    18.8
Abell  487  64.79779 -23.84222  21942  75  3.53    18.2
Abell  487  64.81104 -24.84436  32192  67  4.52    18.8
Abell  487  64.81133 -23.88586  21776  61  4.76    18.4
Abell  487  64.81213 -24.43458  34386  34  8.03    18.1
Abell  487  64.82371 -24.73397  32359  67        2 18.5
Abell  487  64.82417 -24.41105  33476  96  2.26    18.7
Abell  487  64.83108 -23.91711  21906  30 11.53    16.4
Abell  487  64.83996 -23.66586  45326  70  3.91    18.9
Abell  487  64.84100 -23.73136  18372  54  4.37    18.6
Abell  487  64.85921 -24.13539  12459  52        3 18.3
Abell  487  64.86625 -24.49522  18523  34  8.60    18.7
Abell  487  64.88779 -23.80586  42876  70  2.53    18.7
Abell  487  64.89875 -24.62219  32686  33  9.48    18.7
Abell  487  64.89883 -24.59414  26145  43  6.20    18.8
Abell  487  64.92037 -24.63628  32425  14        2 18.6
Abell  487  64.93100 -24.00550  22135  77  3.50    18.3
Abell  487  64.94488 -24.57353  47003  45  6.15    18.7
Abell  487  65.00272 -24.91367   9073  33  7.81    16.2
Abell  487  65.00562 -24.24467  46474  60  4.84    18.9
Abell  487  65.00700 -24.59342   8995  66        4 18.2
Abell  487  65.01492 -24.02650  45802  60  3.54    18.4
Abell  487  65.02946 -24.37261  17499  84  3.77    18.6
Abell  487  65.07688 -24.59344  32823  81  3.38    18.9
Abell  487  65.08371 -24.75208  34348  62  3.56    18.7
Abell  487  65.11459 -24.85228  14009  25        4 16.6
Abell  487  65.11637 -24.49414  34550  36  8.82    17.6
Abell  487  65.12447 -24.54817  33924  41  6.47    17.7
Abell  487  65.12984 -23.88992  21535 229        4 18.3
Abell  487  65.13000 -23.99228  19962  34        3 18.4
Abell  487  65.14313 -24.54536  33689  43  6.93    17.9
Abell  487  65.14896 -24.31825  19749  48  5.01    17.0
Abell  487  65.15508 -24.88625  19789 181        3 17.9
Abell  487  65.19441 -24.80347  54898  84  0.03    18.7
Abell  487  65.20350 -24.66814  34161  73  3.81    18.9
Abell  487  65.21326 -24.38833  34960  49  3.59    17.9
Abell  487  65.25737 -24.81372  19616  26 10.07    18.3
Abell  487  65.28283 -24.86581  41257  76  2.90    18.8
Abell  487  65.28604 -24.36797  34609  50  6.65    17.9
Abell  487  65.28921 -23.72983  33573  80  2.86    18.4
Abell  487  65.29604 -24.04353   8431  96  1.84    18.4
Abell  487  65.30042 -24.62569  13429  33  8.64    17.9
Abell  487  65.30837 -24.19622  31445  52  2.72    18.9
Abell  487  65.34338 -24.32353  34993  69  1.90    18.6
Abell  487  65.36513 -24.04775  34181  41  6.87    18.9
Abell  487  65.39037 -24.22564  17996  55  4.69    15.9
Abell  487  65.39979 -24.12625  22111  85  2.14    18.3
Abell  487  65.40392 -24.38445  17447  67  3.33    18.0
Abell  487  65.41734 -24.31592  34168  52  5.17    18.0
Abell  487  65.43833 -24.74378    250  63  4.45    18.5
Abell  487  65.44112 -23.71972  17408  61  4.01    17.0
Abell  487  65.45292 -24.34295  34681  55  3.91    18.8
Abell  487  65.47217 -24.03205  12592  52  4.37    17.7
Abell  487  65.47296 -24.73019  13489  50        4 17.0
Abell  487  65.48734 -24.39322  34128  45  5.69    18.1
Abell  487  65.48954 -23.68494  18203  82  2.86    18.0
Abell  487  65.52396 -24.94314  34604  83  3.53    18.1
Abell  487  65.52467 -24.82614  18007  35  8.39    18.6
Abell  487  65.52605 -24.86345  17195 116        2 18.5
Abell  487  65.54408 -23.69189  18151  34 10.27    18.2
Abell  487  65.55529 -24.23706  41568  50  4.87    18.9
Abell  487  65.55779 -24.84072  20027  60  4.89    17.7
Abell  487  65.56742 -24.35614  25792  49  3.63    18.7
Abell  487  65.57291 -24.52089  46427  54  5.43    18.6
Abell  487  65.58079 -23.61308   8438  59  4.34    16.1
Abell  487  65.62600 -24.16206  12571  52  4.61    18.1
Abell  487  65.64333 -24.30111  46308  63  5.08    18.8
Abell  487  65.69121 -24.07420  41718  52  4.79    18.9
Abell  487  65.69579 -24.21133  44196  35  8.47    18.4
Abell  487  65.75558 -24.89083  34675  46  6.62    18.5
Abell  487  65.76495 -24.67681  18065  52  4.81    17.1
Abell  487  65.78462 -24.77020  21910  29 10.14    18.3
Abell  487  65.86467 -23.62156  43104  65  3.49    18.5
Abell  487  65.92262 -24.34414  40693 116        3 18.2
Abell  487  65.94675 -24.56703  19623  76  3.08    18.5
Abell  487  65.95479 -23.69947  31019  96        2 18.3
Abell  487  65.97549 -23.81236  30988  59  5.28    18.1
Abell  487  65.99725 -24.16136  19920  50  5.43    18.7
Abell  487  66.00626 -24.32742  44172  84  3.27    17.9