 Abell 2734   1.62404 -29.73650  57543  69        9 18.1
 Abell 2734   1.63892 -29.13369  18912  50  5.42    17.7
 Abell 2734   1.68775 -29.52600  42282  55  4.88    17.7
 Abell 2734   1.69321 -29.61647  18518  76  3.80    17.5
 Abell 2734   1.70217 -28.70703  18363  39  7.19    17.3
 Abell 2734   1.74467 -29.59322  42361 104  2.98    17.6
 Abell 2734   1.76183 -29.00500  36000  28  9.68    18.1
 Abell 2734   1.79508 -29.16767  18733  52  4.39    18.1
 Abell 2734   1.81463 -28.52333  18514  48  5.23    17.9
 Abell 2734   1.83796 -29.24028  17448  25 12.08    18.0
 Abell 2734   1.84204 -28.62372  37732  50  4.70    17.5
 Abell 2734   1.87571 -29.58817  18637  28 11.49    17.8
 Abell 2734   1.89158 -29.05142  19088  27 11.04    17.6
 Abell 2734   1.93438 -28.97969  19583  30  9.69    18.1
 Abell 2734   1.94267 -29.46108  19980  31 10.10    17.7
 Abell 2734   1.94604 -29.39944  18818  23 13.02    18.2
 Abell 2734   1.96238 -29.40322  10865  32  8.52    16.2
 Abell 2734   1.96708 -29.10494  18042  22 14.27    16.7
 Abell 2734   1.99179 -28.75142  18771  24 12.01    18.2
 Abell 2734   2.00075 -29.14355  17468  20 16.66    16.9
 Abell 2734   2.03983 -28.85758  18202  35  7.50    17.7
 Abell 2734   2.04733 -29.43044  18535  35  7.82    18.0
 Abell 2734   2.05367 -29.18744  18023  38  6.48    17.8
 Abell 2734   2.08529 -29.15089  17304  26 12.13    17.8
 Abell 2734   2.09971 -29.06294  19378  22 15.59    16.8
 Abell 2734   2.10563 -29.10570  17981  23 13.49    16.9
 Abell 2734   2.15483 -29.20503  18560  68  3.94    17.8
 Abell 2734   2.16158 -29.12947  17494  35  9.56    17.6
 Abell 2734   2.16175 -28.60394  43897  51  3.18    18.0
 Abell 2734   2.16537 -29.14792  18716  28 10.96    17.9
 Abell 2734   2.18117 -29.02947  18922  24 10.43    17.2
 Abell 2734   2.18346 -29.12122  18790  29 11.33    17.7
 Abell 2734   2.18963 -29.19067  16964  39  7.92    18.1
 Abell 2734   2.20471 -29.08031  18714  25 11.93    18.2
 Abell 2734   2.20642 -29.13239  18553  29 11.51    15.4
 Abell 2734   2.22142 -29.45575  19097  49  5.20    17.0
 Abell 2734   2.23471 -29.10311  19068  28 10.95    17.9
 Abell 2734   2.25396 -29.07628  18740  32  9.51    17.6
 Abell 2734   2.26167 -29.30294  18884  23 14.19    17.1
 Abell 2734   2.26992 -28.55742  42259  53  4.72    17.8
 Abell 2734   2.27200 -29.20611  18549  34  8.47    18.0
 Abell 2734   2.27650 -29.17542  17381  25 12.49    17.3
 Abell 2734   2.28029 -28.89425  17570  22 14.59    16.7
 Abell 2734   2.28504 -29.30122  18312  27 12.01    17.1
 Abell 2734   2.28546 -29.14592  18189  36  7.74    17.9
 Abell 2734   2.29692 -29.03069  17892  34  8.68    17.8
 Abell 2734   2.29825 -29.21075  18324  28 13.92    15.6
 Abell 2734   2.29938 -29.15003  18930  40  8.63    17.5
 Abell 2734   2.32729 -29.57597  20414  31 10.18    17.3
 Abell 2734   2.33725 -29.09945  18774  42  7.37    17.8
 Abell 2734   2.34679 -29.00897  19902  22 15.63    15.7
 Abell 2734   2.36908 -29.10117  18667  32 11.35    16.6
 Abell 2734   2.37179 -29.18900  16573  88  2.77    17.2
 Abell 2734   2.39063 -28.48081   9608  81        7 18.1
 Abell 2734   2.39533 -29.25208  18500  29 10.02    17.6
 Abell 2734   2.41217 -28.82578  18274  35  6.83    17.6
 Abell 2734   2.41696 -28.55467  37519  34  7.47    17.7
 Abell 2734   2.42663 -29.15764  18615  25 12.17    17.9
 Abell 2734   2.46275 -29.56870  16693  20 15.97    16.1
 Abell 2734   2.46883 -29.48131  16398  31 10.09    16.5
 Abell 2734   2.52458 -28.50361  31717  24 11.04    16.8
 Abell 2734   2.53383 -29.40556  18567  35 10.15    17.1
 Abell 2734   2.55629 -28.66480  42253  76  2.75    18.0
 Abell 2734   2.56888 -29.04569  18315  32  9.94    17.6
 Abell 2734   2.60504 -29.64333  37068  31  9.52    17.9
 Abell 2734   2.64417 -29.62844  17017  23 12.73    16.8
 Abell 2734   2.65675 -29.39147  18154  28 10.68    16.8
 Abell 2734   2.67750 -28.97108  19437  29 11.96    16.9
 Abell 2734   2.69692 -29.54761  16384  47       16 17.3
 Abell 2734   2.71521 -28.92897  18322  85  3.28    17.7
 Abell 2734   2.72883 -28.73183   4303  21       20 17.0
 Abell 2734   2.73671 -29.05630  19178  28 10.43    17.3
 Abell 2734   2.75658 -29.56622  16467  71  2.17    17.5
 Abell 2734   2.76717 -29.53917   6978  83  2.30    15.9
 Abell 2734   2.79108 -29.14911  18695  35 10.09    18.1
 Abell 2734   2.79938 -28.78258  26516  37  7.86    17.9
 Abell 2734   2.83896 -28.37906  18232  90        8 18.0
 Abell 2734   2.84171 -29.33853  37249  76  3.57    18.0
 Abell 2734   2.85312 -29.08128  16844  23 16.28    17.3
 Abell 2734   2.86054 -29.11606  17255  54  5.15    16.1
 Abell 2734   2.86838 -28.33356  18292 110        7 17.8
 Abell 2734   2.87533 -28.81272  19076  75  2.31    17.8
 Abell 2734   2.87900 -29.06036  18616  39  8.52    17.3
 Abell 2734   2.93096 -28.55881  16776  21 16.41    15.8
 Abell 2734   2.97004 -28.61528  16983  96  2.85    17.6
 Abell 2734   2.97238 -28.68753  16759 102        6 17.8
 Abell 2734   2.97763 -28.91128  37149  43  6.26    18.2
 Abell 2734   2.98942 -29.01178  38509  56  5.08    18.1
 Abell 2734   2.99292 -28.95025  37200  34  9.01    17.5
 Abell 2734   3.01933 -29.02747  16797  24 11.27    18.1
 Abell 2734   3.06125 -29.57453  21978  45  7.02    17.5
 Abell 2734   3.06913 -29.18692   4454 128       10 18.0
 Abell 2734   3.09479 -28.98095  16911  31  9.90    17.9
 Abell 2734   3.10938 -29.68294   8110 134  1.72    18.2
 Abell 2734   3.12254 -29.58725  27332  52  6.10    17.7
 Abell 2734   3.12538 -28.75211  22440  84  2.88    17.4
 Abell 2734   3.12888 -28.84872  13511  33  8.36    15.0
 Abell 2734   3.15113 -28.51228  18285  24 14.86    16.8
 Abell 2734   3.16358 -28.91128  16972  44  6.83    17.8
 Abell 2734   3.17883 -29.64628  20671  28 11.45    15.9
 Abell 2734   3.18533 -28.50236  16594  46  6.81    16.5
 Abell 2734   3.18554 -29.22669  18276  44  6.83    18.0
 Abell 2734   3.23225 -28.60528  17173  39  7.88    18.0
 Abell 2734   3.23604 -28.77811  46051  74        6 18.2