Abell 0080   8.54304 -24.89661  19134  89        4 17.9
Abell 0080   8.59467 -25.72231  18456  91  4.02    17.3
Abell 0080   8.62092 -24.90189  19466  63  5.26    18.1
Abell 0080   8.62167 -24.88022  19090  19 17.38    16.4
Abell 0080   8.67258 -24.43053  26299  68        4 18.1
Abell 0080   8.69967 -24.77514  26740  40  6.67    17.3
Abell 0080   8.72821 -25.44467  18757  32  8.40    17.0
Abell 0080   8.76542 -25.68603  18848  32  8.14    16.7
Abell 0080   8.76738 -25.64111  11335  81  2.17    18.2
Abell 0080   8.77308 -25.48561  19327  24 14.41    18.2
Abell 0080   8.78842 -25.23067  18785  20 15.55    17.7
Abell 0080   8.80158 -25.06683  46824  55  4.17    18.1
Abell 0080   8.82975 -25.27392  19610  44  7.05    16.8
Abell 0080   8.84508 -25.41200  18840  22 14.45    16.5
Abell 0080   8.85296 -25.16981  19953  28 10.78    17.5
Abell 0080   8.86013 -24.41097  15754  35  8.16    17.0
Abell 0080   8.86413 -24.82242  20200  79  2.70    18.1
Abell 0080   8.87579 -24.45431  33853  59  6.89    18.2
Abell 0080   8.88133 -25.35728  18862  17 20.69    16.8
Abell 0080   8.88138 -25.10375  19086  17 18.28    17.3
Abell 0080   8.88567 -24.85181  19223  87  4.13    17.9
Abell 0080   8.90158 -25.55344  18812  43  7.46    18.1
Abell 0080   8.90346 -25.52053  18720  32  9.09    16.6
Abell 0080   8.91017 -25.34245  19952  15 23.86    15.8
Abell 0080   8.91100 -25.46392  19132  25 12.23    16.9
Abell 0080   8.91158 -25.36586  23155  90  2.74    17.9
Abell 0080   8.92204 -25.61689  19015  24 13.30    16.8
Abell 0080   8.92288 -25.50572  18698  18 18.29    17.3
Abell 0080   8.92817 -25.71933  19567  72  2.75    18.1
Abell 0080   8.95354 -25.16981  33568  29 10.65    18.0
Abell 0080   8.97571 -24.70645  26275  24 13.50    16.9
Abell 0080   8.99808 -25.27289  19571  28 10.98    17.8
Abell 0080   9.01488 -25.27667  18896  43  6.40    18.0
Abell 0080   9.02279 -25.19039  19145  24 12.62    16.7
Abell 0080   9.03167 -25.62456  19313  81  2.99    17.4
Abell 0080   9.03367 -25.48383  19255  84  3.19    18.1
Abell 0080   9.03679 -25.46317  33824  28 12.10    17.9
Abell 0080   9.04567 -25.60708  18991  21 15.15    17.8
Abell 0080   9.07358 -24.84483  25640  32  8.38    18.1
Abell 0080   9.07750 -25.11583  19128  41  6.80    17.9
Abell 0080   9.09667 -25.33556  19214  30  9.96    16.7
Abell 0080   9.13733 -24.64961  21245  25 12.44    17.0
Abell 0080   9.14379 -25.55219  19023  34  8.27    17.7
Abell 0080   9.17408 -24.91386  26038  25 10.38    17.5
Abell 0080   9.17921 -24.68492  18881 116        8 17.2
Abell 0080   9.18258 -24.58361  21571 103        9 17.9
Abell 0080   9.18950 -25.20264  18699  21 14.89    17.8
Abell 0080   9.19083 -24.31333  35593  72        9 17.5
Abell 0080   9.19588 -25.15989  15897  74  2.50    18.1
Abell 0080   9.20271 -24.78128  47069 124        6 18.2
Abell 0080   9.20496 -24.44422  19004  56  4.29    18.0
Abell 0080   9.20967 -25.71383  19554 125  3.03    18.0
Abell 0080   9.21146 -24.31192  21324  35  7.12    16.7
Abell 0080   9.22300 -24.93445  18685  24 12.82    18.2
Abell 0080   9.25150 -25.11858  21802  29  9.81    17.2
Abell 0080   9.25892 -24.42778  18601  51  4.70    17.9
Abell 0080   9.25988 -24.84545  31655  48  6.06    18.0
Abell 0080   9.29692 -24.93214  31787  59  5.18    18.1
Abell 0080   9.31767 -24.97145  18904  42  5.88    16.6
Abell 0080   9.32983 -24.82814  21682  87        7 18.1
Abell 0080   9.33400 -24.87628  21411  75  3.65    16.6
Abell 0080   9.35000 -24.80747  21291  31  8.90    18.0
Abell 0080   9.36125 -24.73567  18702  74  4.50    18.1
Abell 0080   9.36250 -25.12397  31440  35  9.39    18.0
Abell 0080   9.37083 -24.95839  18964  78  1.83    17.5
Abell 0080   9.38233 -25.57586  39318  55  4.05    18.1
Abell 0080   9.38442 -25.13939  18822  24 11.97    16.6
Abell 0080   9.39087 -24.74386  15727  29 10.52    17.2
Abell 0080   9.40213 -24.98422  21266  99  2.83    16.8
Abell 0080   9.40933 -25.42289   7739  18 16.59    16.3
Abell 0080   9.41733 -25.70408  19138 186        6 18.1
Abell 0080   9.44450 -24.71117  18907  76  2.58    18.0
Abell 0080   9.44471 -25.58917  39292  63  3.84    18.2
Abell 0080   9.44567 -25.60469  16279  40  7.18    18.0
Abell 0080   9.44975 -24.99500  20545  48  6.02    16.7
Abell 0080   9.47008 -24.94372  33430  26 12.92    16.5
Abell 0080   9.47813 -25.28908  27763  43  7.17    17.9
Abell 0080   9.48379 -24.67706  34244  47  5.38    17.4
Abell 0080   9.50525 -25.00480  34998  38  8.37    18.2
Abell 0080   9.54800 -25.23828  18770  52  4.28    18.0
Abell 0080   9.54958 -24.54380  18971  90  3.62    18.1
Abell 0080   9.56488 -24.94447  33754  26 11.66    16.6
Abell 0080   9.56746 -25.72683   3413 111  2.12    18.1
Abell 0080   9.57133 -24.86511  37008  26 12.76    17.3
Abell 0080   9.59842 -25.38542  19218  21 13.63    17.5
Abell 0080   9.60050 -24.82447  31584  49  5.62    17.5
Abell 0080   9.62342 -25.33247  19758 101  2.97    18.1
Abell 0080   9.64763 -25.66250  26057  80       10 18.0
Abell 0080   9.66042 -24.41867  31052  62        9 18.2
Abell 0080   9.66663 -25.09125  32960  32  7.74    17.8
Abell 0080   9.74463 -25.71772  26066  27 10.38    17.0
Abell 0080   9.80279 -24.85939  21438  54  4.58    18.2
Abell 0080   9.81542 -24.61322  13967  63        9 18.0
Abell 0080   9.82813 -24.66228  14399  26 11.75    16.1
Abell 0080   9.85358 -24.36270  44025  69  3.18    17.3
Abell 0080   9.87792 -25.46264  33768  34  8.18    17.6
Abell 0080   9.92833 -24.95650  31045  40  6.89    17.9
Abell 0080   9.94054 -24.71556  14503  77        8 18.1
Abell 0080   9.94283 -25.44722  36848  80       14 17.2
Abell 0080   9.95783 -25.38617  36648  74  2.89    18.2
Abell 0080   9.96308 -25.30514  32926  82  2.82    18.0
Abell 0080   9.98233 -25.33361  19059  66  4.28    17.0
Abell 0080   9.98404 -25.35317  19161  64  3.65    16.7
Abell 0080   9.99313 -25.21519  36092  90  3.89    17.8
Abell 0080   9.99425 -25.71508   7418  42  6.22    16.4
Abell 0080  10.02458 -25.68500   7446  69  4.15    16.2
Abell 0080  10.02625 -25.70483  19776 146        4 18.1