Abell 0380  40.12786 -27.06005  30753  70  2.85    18.3
Abell 0380  40.13922 -26.69760  21190  71  2.92    17.8
Abell 0380  40.14791 -26.59698  32722  67  3.18    18.4
Abell 0380  40.16789 -26.54960  21116  62  3.25    17.8
Abell 0380  40.16904 -26.09989  33154  74  2.28    17.8
Abell 0380  40.17040 -26.90564  16502  94        5 16.6
Abell 0380  40.19571 -27.03914  31928  97  3.16    18.5
Abell 0380  40.21513 -26.57487  18743  85  2.39    18.6
Abell 0380  40.22557 -26.97846  26284  63  3.66    18.5
Abell 0380  40.22867 -26.43604  66664  83  3.36    18.5
Abell 0380  40.24466 -27.03169   7123  63  3.69    17.2
Abell 0380  40.25312 -26.43421  29663  36  8.06    16.9
Abell 0380  40.25710 -26.76114  31038  45  5.67    18.1
Abell 0380  40.27323 -26.74664  40880  35  8.42    18.5
Abell 0380  40.28278 -26.72665  31174  49  6.12    18.2
Abell 0380  40.28780 -26.64466  32616  64  3.87    18.4
Abell 0380  40.29141 -26.36941  29949  73  2.68    18.4
Abell 0380  40.30886 -26.13885   6004  76  1.92    17.9
Abell 0380  40.31725 -26.73129  31885  50  5.68    17.9
Abell 0380  40.32176 -27.02733  31740  59  5.56    17.6
Abell 0380  40.34321 -26.65514  32000  67  4.21    17.5
Abell 0380  40.37458 -26.74389  30513  39  7.08    18.3
Abell 0380  40.37986 -26.75976  31614  32  8.90    18.0
Abell 0380  40.38834 -27.02332  23613  50  4.61    18.0
Abell 0380  40.40612 -26.91801  43867  75  3.12    18.5
Abell 0380  40.41794 -26.52577  55014  64  2.77    17.5
Abell 0380  40.41837 -26.77495  31599  40  7.05    17.6
Abell 0380  40.41931 -26.82989   8000  69  2.44    18.3
Abell 0380  40.42210 -26.47689  30177  65  3.01    18.1
Abell 0380  40.43242 -26.39840  35371 108  2.64    18.3
Abell 0380  40.43400 -26.11049  11276  67  2.51    18.5
Abell 0380  40.44496 -27.02481  32831  39  8.83    17.6
Abell 0380  40.45970 -26.39622  39222  53  4.04    15.4
Abell 0380  40.46074 -27.04567  32379  34 11.08    17.7
Abell 0380  40.46253 -26.72149  31529  52  4.29    17.8
Abell 0380  40.46869 -26.73902  49607  60        2 17.1
Abell 0380  40.48132 -27.03599  33470  66  3.79    18.5
Abell 0380  40.48511 -26.35468  50356  55  2.22    17.9
Abell 0380  40.48714 -26.92122  42085  52  4.69    18.4
Abell 0380  40.49734 -26.49053  40042  87  3.91    17.9
Abell 0380  40.49834 -26.41570  20385 101  2.54    17.7
Abell 0380  40.49946 -26.38436  40626  95  3.14    16.9
Abell 0380  40.53884 -26.39857  13911  82  1.95    18.6
Abell 0380  40.53919 -26.44572  33389  55  2.15    17.9
Abell 0380  40.54451 -26.75684  41388  86  3.38    18.4
Abell 0380  40.55201 -26.70086   4781  32        4 17.8
Abell 0380  40.56956 -26.99015  31526  50  4.05    17.2
Abell 0380  40.57791 -26.53075  47652  84  2.10    18.1
Abell 0380  40.57911 -26.77529  41447  56  5.04    18.1
Abell 0380  40.59267 -26.44590  61811  42  3.39    17.7
Abell 0380  40.59322 -26.49368  89831  67  1.80    18.3
Abell 0380  40.62241 -26.45919  10518  72  2.23    18.3
Abell 0380  40.62400 -26.29510  40906  68  2.36    18.3
Abell 0380  40.65151 -26.88793  31324 121        2 18.1
Abell 0380  40.65369 -26.58725  66399  64  2.04    18.6
Abell 0380  40.65619 -26.85058   3938 101  2.75    18.5
Abell 0380  40.66076 -26.90111  83212  59  2.02    18.6
Abell 0380  40.67272 -26.85969  32636  53  3.99    17.5
Abell 0380  40.69138 -26.91652  32852  56  5.25    18.3
Abell 0380  40.70510 -26.59423  25163  81  3.28    16.3
Abell 0380  40.71321 -26.99657  39632  55  6.20    18.1
Abell 0380  40.71440 -26.31733  25413  70  4.66    17.1
Abell 0380  40.71840 -27.05037  36202  42  4.81    18.1
Abell 0380  40.72117 -26.83173  39908  87  3.66    18.1
Abell 0380  40.72370 -26.49769   5184  88  3.36    18.0
Abell 0380  40.72974 -26.94477  39496  60  3.39    18.3
Abell 0380  40.74503 -26.28564  21130  70  2.47    18.5
Abell 0380  40.74805 -26.80233   3865  70  1.56    18.2
Abell 0380  40.75319 -26.61681  41602  99  1.95    18.2
Abell 0380  40.76575 -26.95199  40339  64  4.29    18.2
Abell 0380  40.77612 -26.88140  64684  66  2.21    18.3
Abell 0380  40.77637 -26.62558  55138  83  2.39    18.2
Abell 0380  40.79140 -26.44172  85517  57  2.65    18.5
Abell 0380  40.80758 -26.60993  49830 101  2.04    18.2
Abell 0380  40.80891 -26.69038  85406  65  1.90    18.3
Abell 0380  40.81241 -26.24662  88764  82  2.01    18.6
Abell 0380  40.81752 -26.75037  62787  54  2.58    18.1
Abell 0380  40.87999 -26.38774   4210  72  2.21    18.2
Abell 0380  40.91970 -26.80537  40506  72  2.79    18.5
Abell 0380  40.92848 -26.77569  46149  62  2.30    18.0
Abell 0380  40.93282 -26.93583   4245  79  2.69    18.1
Abell 0380  40.97133 -26.39336   5067  74  2.58    18.1
Abell 0380  40.99853 -26.79254  59508  73        2 18.5
Abell 0380  41.00290 -26.80801   4006  91  1.89    18.5
Abell 0380  41.02602 -26.81477  61667  59  1.57    17.6
Abell 0380  41.04367 -26.24794   6883 113        4 18.3
Abell 0380  41.05141 -26.92225  40411  76  3.81    18.5
Abell 0380  41.06959 -26.80079  55792  55  2.83    18.1
Abell 0380  41.08173 -27.00132  61018 103  2.24    18.3
Abell 0380  41.08321 -26.45243   7211  53        2 17.8
Abell 0380  41.11685 -26.67491  45666 108  2.30    18.3
Abell 0380  41.14543 -26.65531   4281  45  2.88    18.4
Abell 0380  41.15164 -26.95978  32938  77  2.55    18.1
Abell 0380  41.16204 -26.50995  31196  42  6.16    18.5
Abell 0380  41.17747 -26.64666  27599  50  4.15    18.4
Abell 0380  41.18316 -26.45581  26646  58  3.86    18.4
Abell 0380  41.19436 -26.31916  44034 102  2.30    18.2
Abell 0380  41.20465 -26.92529  32706  32  7.84    16.6
Abell 0380  41.21187 -26.36637  14236  81  2.14    18.3