 Abell 2778   6.03379 -30.30677  18478  85  2.17    18.0
 Abell 2778   6.06395 -29.86422  50347  62  2.28    18.2
 Abell 2778   6.08007 -30.54404  38433  42  5.45    17.8
 Abell 2778   6.13065 -30.79980   5244  98  2.03    17.2
 Abell 2778   6.15030 -30.72211  15463  68  2.93    17.0
 Abell 2778   6.22111 -29.98678  27491  40  7.57    18.1
 Abell 2778   6.22589 -30.18771  38379  65  2.66    17.5
 Abell 2778   6.25213 -30.58374  34841  41  8.96    18.0
 Abell 2778   6.28344 -30.85131  34432  66  3.91    18.0
 Abell 2778   6.34055 -30.56117  35325  55  7.10    16.4
 Abell 2778   6.36462 -31.06726  29050  89  1.81    18.0
 Abell 2778   6.37145 -30.64826  70845  91  2.06    18.0
 Abell 2778   6.38055 -30.31938  32549  35  8.78    18.0
 Abell 2778   6.38399 -30.39724  36110  32  7.92    18.2
 Abell 2778   6.42188 -30.37364  29136  35  8.22    18.0
 Abell 2778   6.43532 -30.48640  21400  31  9.52    16.6
 Abell 2778   6.49265 -30.06292  22384  38  6.50    18.0
 Abell 2778   6.50673 -30.58460  34330  63  2.88    17.6
 Abell 2778   6.52766 -30.55836  24507 126  1.77    18.2
 Abell 2778   6.58816 -30.14365  30947  65  3.61    17.9
 Abell 2778   6.58930 -30.37461  30907  67  3.36    17.6
 Abell 2778   6.61961 -30.36080  30716  70  3.16    17.8
 Abell 2778   6.62370 -30.56369  30425  41  8.44    17.8
 Abell 2778   6.63155 -30.17156  30810  88  3.92    18.1
 Abell 2778   6.63577 -30.37054  31044 103  3.30    17.6
 Abell 2778   6.63748 -30.85469  23642  35  7.22    18.0
 Abell 2778   6.65494 -30.77162  22569  42  5.72    17.3
 Abell 2778   6.66267 -29.97469  22383 136  2.28    17.6
 Abell 2778   6.66499 -30.60626  30239  42  7.16    17.9
 Abell 2778   6.67533 -30.31079  47539  94  2.19    17.6
 Abell 2778   6.71342 -29.95177  30691  40  8.84    17.3
 Abell 2778   6.71419 -29.87224  30061  42  7.96    17.9
 Abell 2778   6.72372 -30.77351  32472 129  3.23    17.7
 Abell 2778   6.72486 -30.47631  23534  26 11.29    17.3
 Abell 2778   6.74889 -30.33886  38200  46  4.92    18.2
 Abell 2778   6.75282 -30.53395  32092  63  3.84    17.4
 Abell 2778   6.77538 -30.52129  23739  64  2.85    18.1
 Abell 2778   6.77667 -30.39833  31350  88  3.25    17.4
 Abell 2778   6.78891 -30.05473  19553  96  2.20    18.1
 Abell 2778   6.81032 -30.20141  33840  47  5.50    17.8
 Abell 2778   6.81423 -30.41678  42841  84  2.54    18.1
 Abell 2778   6.82210 -30.53298  31876  64  4.64    17.1
 Abell 2778   6.84681 -30.00683  33852  46  5.63    18.1
 Abell 2778   6.89074 -30.52255  32042  86        3 18.1
 Abell 2778   6.91004 -29.87557  19211  66  1.87    17.1
 Abell 2778   6.92857 -30.28586   4986  70  3.39    18.1
 Abell 2778   6.96368 -30.35817  27694  75  2.53    18.2
 Abell 2778   6.98389 -29.90565  31404 105  4.30    18.2